Chr	Start	End	Exome	Name	Hom	Het	Total
chr14	88401213	88401213	17	c.1921A>G	530	73	603
chr14	88401219	88401219	17	c.1915C>T	0	1	1
chr14	88401222	88401222	17	c.1912G>A	0	1	1
chr14	88406259	88406259	16	c.1901T>C	0	4	4
chr14	88406315	88406315	16	c.1845T.A	0	1	1
chr14	88407757	88407757	15	c.1816A>T	0	1	1
chr14	88407795	88407795	15	c.1778G>C	0	1	1
chr14	88407875	88407875	15	c.1698A>T	530	72	602
chr14	88407888	88407888	15	c.1685T>C	35	217	252
chr14	88411947	88411947	14	c.1620A>G	530	73	603
chr14	88411951	88411951	14	c.1616T>C	0	1	1
chr14	88411975	88411975	14	c.1592G>A	0	6	6
chr14	88411994	88411994	14	c.1573G>A	0	9	9
chr14	88414211	88414211	13	c.1350C>T	35	214	249
chr14	88416225	88416225	12	c.1302C>T	2	44	46
chr14	88416247	88416247	12	c.1280A>G	0	1	1
chr14	88417028	88417028	11	c.1226C>T	0	1	1
chr14	88417082	88417082	11	c.1172A>G	0	1	1
chr14	88429765	88429768	10	c.1121_1124del	0	1	1
chr14	88431898	88431898	9	c.984G>A	174	300	474
chr14	88431969	88431969	9	c.913A>G	8	70	78
chr14	88442712	88442712	7	c.742G>A	0	2	2
chr14	88448563	88448563	6	c.607G>A	0	1	1
chr14	88448571	88448571	6	c.599C>A	0	2	2
chr14	88450770	88450770	5	c.550C>T	0	1	1
chr14	88450836	88450836	5	c.484G>A	0	6	6
chr14	88452945	88452945	4	c.330C>T	0	2	2
chr14	88454535	88454535	3	c.281C>T	0	1	1
chr14	88459373	88459373	1	c.136G>T	0	1	1
chr14	88459434	88459434	1	c.75C>A	0	1	1
chr14	88459448	88459448	1	c.61G>C	0	2	2
chr14	88459467	88459467	1	c.42G>C	0	2	2
chr14	88459475	88459475	1	c.34C>T	0	2	2
chr14	88459481	88459481	1	c.28T>C	1	19	20
chr14	88459576	88459576	Intron	c.-68C>T	0	1	1
chr14	88459795	88459795	Intron	c.-287G>A	2	77	79
